67136
70412
94706
74522
8712
72938
79440
48870
30834
73568
73700
4424
23248
43218
8254
10702
4364
86986
38614
22014
19178
29966
28342
47766
38028
9546
75162
1754
34788
54320
32740
20704
91432
57852
59082
72004
84064
73946
55272
38206
54192
51034
50778
13714
17130
40270
51244
92228
75788
14874
98446
59150
22104
78992
55314
38984
90472
54046
19094
22286
63398
13540
24176
44628
62078
75416
16934
94572
69980
99432
3008
1634
70210
49098
63450
41534
26120
30258
79686
80226
34644
10328
31414
92292
64808
75306
63080
58326
95596
62500
38452
682
8642
53156
24340
78496
62932
12888
59950
90630
6788
78256
64428
30092
64002
50518
22914
77642
75756
91202
54000
49958
86808
79480
59002
32694
99102
95548
28930
22278
69854
96078
3710
49754
1916
91496
66042
60498
88032
81674
69350
14322
1936
7600
6382
33702
68240
1850
74490
57570
34174
54506
39702
51360
8256
53568
37126
49550
4976
14010
67810
17394
20862
3692
38918
8792
72492
82156
93388
30462
69290
69222
76172
56566
15408
68892
8010
60178
13004
64500
64578
3230
87164
39704
87464
53064
3772
42938
87998
28254
85392
20064
75200
43608
14758
14702
31366
27832
82774
18162
78214
43566
47040
80738
95754
62150
1092
74834
73700
38844
69066
35012
22784
27246
23028
41110
87560
75920
97768
77512
6340
50792
73294
11116
20024
70904
93670
74308
29444
47802
37938
49848
45756
81000
90802
76954
99452
71916
72572
85276
17946
1812
37262
52550
85620
80094
98712
91676
31572
39806
96752
66014
53572
94248
77718
65738
22294
85046
86252
44994
44658
36350
53528
68894
59170
35506
21726
82898
77426
48938
98842
54236
70048
49544
76122
58380
69538
92854
73926
68594
15144
62388
86014
64486
66332
61870
58830
84556
35746
36272
64048
68724
53888
53312
74800
53186
24842
33766
21760
33934
53706
15676
50958
83966
28750
79208
92114
92002
95192
97200
76386
38224
1094
57700
52892
13520
61676
42882
85870
33324
47860
798
41048
72654
70846
55062
86216
14670
92536
17104
50532
67866
27656
65290
52842
78312
54422
56078
27764
30846
84018
49962
61512
6886
36856
55864
58618
44882
6390
80856
43438
61590
1284
93596
46260
73976
25006
45772
63564
42980
88530
59364
76254
3652
86022
13542
33878
66340
9868
49784
50328
69800
61626
19316
81264
80658
4718
87842
41158
1000
9620
97288
58082
17048
86506
69468
60212
91344
68510
60388
80362
94056
13974
95384
74150
2066
8098
83350
23750
11450
38174
69988
45212
25362
67902
34738
20630
18120
64982
99012
53372
25964
57500
55428
78586
14102
33092
81444
91930
51054
70286
22508
70
16042
56592
82080
87236
44228
43682
14974
42662
70448
60906
52770
26578
76382
53160
65000
23606
63860
47000
99546
75176
83850
43714
85736
43016
4370
24460
96062
15770
49458
44624
18250
74568
10034
67226
1966
97884
20298
62328
61478
34454
83008
55144
80610
62092
26664
43972
54562
35934
15744
17394
81160
29602
32116
62408
73512
45050
10842
25566
24974
8214
58062
19658
90308
24828
99690
43558
26676
27514
64424
39618
76670
19098
66900
22344
94278
54226
38308
48896
34526
71208
43664
41890
22130
14172
6462
32160
87632
82018
58676
73134
64640
198
4712
73584
44928
86858
66630
15710
32132
56358
80640
79564
66296
93166
13548
99236
85708
50398
24808
57734
89364
16022
55038
77878
30868
96660
14316
94620
6694
2528
91506
38054
62300
8674
82074
79810
4524
15438
2050
35812
90358
7862
51690
60908
43164
81310
27944
12068
49932
42480
5648
13736
75056
61200
35094
50926
35616
83392
24660
31330
41998
58490
9484
20496
72140
76998
14364
17766
75792
56386
51552
93556
54104
41680
15566
32828
75692
56936
58362
34800
79202
42530
43672
58560
81436
93078
65210
40956
45980
36670
62568
62540
4424
34414
9430
85442
30658
34860
16690
62380
23240
23010
47410
99864
4706
24890
45308
16182
89474
25324
70672
21106
79384
96994
56480
80288
49132
36282
61118
930
76498
53528
98206
74972
11146
42514
63796
8678
42398
44212
28896
82600
19760
95800
69370
6784
14022
60634
10406
13044
59702
90928
23918
81934
20912
34594
89306
49408
27094
98650
92870
31264
83956
65806
81100
10780
382
16862
830
85038
28068
86574
1652
43354
77182
59974
47698
81920
64410
26508
90296
24942
63132
78406
8434
63372
86580
80894
14188
27030
3684
34888
53064
95184
35282
30126
39678
52274
18668
15516
19134
59876
60174
30986
94482
19106
85742
56180
31526
22370
83044
8938
8878
92586
96024
8380
5758
19924
52314
89152
75898
9174
1962
99794
57094
45168
19096
65564
50956
70952
89830
1294
67810
44830
55822
60480
33860
91628
75538
51226
14752
77272
52532
17586
75100
33300
87052
84536
70952
6028
38178
17362
44748
81824
4266
91912
39826
29982
97676
27874
57976
59864
29622
33486
55988
54324
14370
63350
61330
51016
42502
70802
5684
7082
76634
2670
26322
89534
94888
2380
20328
21440
26522
90674
97960
10914
92286
18022
92744
46154
67038
82848
78080
92842
62150
20994
58960
54210
41472
9634
88194
78612
60162
62350
5484
77742
70652
98184
11110
76412
79208
57602
36312
98044
55164
80580
50852
6688
88814
67392
84646
61220
34742
43740
1352
24910
29504
58798
94734
79232
93224
35878
16324
17340
9234
5104
92906
61754
32480
642
72164
13772
13318
97214
48130
33482
16212
98164
38150
76590
87360
69148
53908
32440
6510
13482
44300
63366
29108
52014
66404
53176
39406
80902
83680
11552
21842
70884
1676
24398
59428
39052
43236
55992
80558
13136
54938
37218
68522
1362
93548
48486
29108
6874
29616
17544
99976
41722
49252
25998
29422
80506
48740
55560
72490
88384
8244
88932
63944
75406
42346
65754
86920
88964
79898
81970
7032
57900
36990
65284
30156
94388
71014
67580
77400
21766
57738
54098
71476
2116
9788
52692
24562
67234
19126
8258
64942
46140
38846
55224
43052
76404
69878
61836
44774
66100
63792
64676
82056
76136
77504
98258
42548
25326
96874
70486
56876
57110
38802
74994
75610
27850
80366
13584
42054
98274
35436
30038
30892
98594
59152
19996
62624
50128
41650
76
58766
2738
53788
69640
28660
18280
38714
91488
86548
8692
4322
7288
86698
3810
61344
83952
93076
44350
44674
8948
51350
7772
15908
13948
51188
96456
69936
3394
38834
24170
28506
75956
85134
87100
67824
51034
15608
28374
10976
49064
63842
63084
71694
44530
53472
67082
71004
33726
89148
92482
58098
48896
82882
53534
98784
326
77732
14486
7840
18148
82922
65900
25780
57790
27878
87266
81154
29248
46192
91572
1752
51018
7536
81496
87928
19074
28026
80472
62890
11886
67874
6586
56706
31350
66316
19616
49214
4506
40252
25994
31852
78590
15928
78292
44706
12438
39322
45030
27166
32614
632
29106
14034
73170
39960
49510
19276
10976
94238
37034
74826
92132
26988
99018
81096
99140
20128
61140
97776
75340
73982
38198
42140
41124
25048
13728
88884
43308
31636
64646
87208
99316
88662
39790
68534
18038
56504
12024
27780
61530
85136
88330
98632
19768
31012
63844
12456
83636
63698
52824
76990
22394
30190
79384
15012
90820
22134
77336
73290
1378
24534
39632
47364
24118
18032
29656
17900
54712
73756
9644
22214
45204
15488
51978
37826
61516
55076
9510
37038
47968
18252
14802
61058
63116
51364
41702
18964
92668
99456
74926
61762
31844
42752
3218
48470
10402
35574
78018
43152
14364
18244
16200
19984
10150
72430
76702
11110
99808
37690
97572
20548
15824
34108
62956
78256
26238
32856
98544
90732
4906
26782
7276
39454
97252
16044
37844
17450
16248
95526
89090
83170
42852
52616
4620
76930
65046
31250
508
62748
21424
6000
39832
14894
65734
14348
26042
10208
97016
76080
7184
33206
70750
31124
40030
9816
73590
57324
85362
84294
66160
46796
3142
70454
20196
92882
32912
63774
73568
36998
16140
85016
15996
81592
55242
53058
56442
24060
84526
87066
130
7790
2528
73724
44934
20758
9860
64572
62848
89012
73992
70950
63800
2208
33652
7580
10804
23738
98076
55956
32420
99876
14814
4378
828
30844
75048
31406
50658
65630
60626
42250
73696
69922
85980
61044
54026
84322
35622
33010
59728
26918
57466
7446
21912
29996
92266
1012
47454
76388
69574
50624
27598
55462
34510
53204
75110
75788
38118
87184
43346
50536
96506
82966
54764
40438
79094
57382
24092
742
61416
21878
95338
84966
51748
71890
62602
54904
62674
51418
48342
22594
61904
60174
55996
43028
97560
8600
10076
81920
25972
28762
45598
700
53916
42170
5066
7412
23110
98414
38152
60842
70920
4606
94550
64786
72774
24440
55740
8614
55454
1368
20126
35212
11564
98588
42352
53170
61594
6716
97370
27184
20294
20278
39890
64372
73376
62714
67834
16340
64592
86744
38694
70474
2960
97102
70658
58836
75266
61764
67084
28682
66632
93520
70652
54234
29152
40076
31702
28898
53954
7366
4488
16582
38200
15600
26236
71700
29132
57952
31282
7184
85400
95156
40454
94182
43704
39390
50750
10366
49110
98124
66664
74916
36558
60592
74310
6382
514
30776
89250
76128
76916
85704
42542
24912
92876
14138
33804
15224
63864
88276
68136
99010
37346
58480
99646
73374
82484
45924
33722
1610
65658
50812
66550
54550
41850
5330
39216
7990
20042
77428
97568
31028
80476
14068
53320
62798
72780
94288
11108
70636
60846
23468
35420
46574
50398
55710
29608
85916
61032
37078
18962
99952
44922
23552
92604
94274
63734
58376
24602
18066
70862
52006
99990
17136
99998
92530
33800
3890
56112
43780
53898
82350
73886
63950
61304
32962
25060
48324
10050
39958
65022
21470
53982
17616
65748
99698
20276
72240
48900
99734
44824
46492
65186
97460
7570
67404
51796
61676
20450
69026
84410
72754
81314
96580
1164
31466
32660
16500
43640
45356
30894
98944
85212
78584
15604
63250
56070
99870
80908
30692
87272
86122
67178
9894
4682
93648
85536
96810
87258
64362
81290
74362
1286
55978
41966
88848
90116
44784
2272
27330
64120
97156
69536
76834
4836
51742
85582
23486
39984
15776
558
72766
87452
94026
26052
85588
3292
32206
9356
65222
39360
84736
17896
68932
8294
46580
13998
89758
72146
38004
83664
99058
12662
27074
51536
98694
28034
93728
8768
46612
23834
62090
69998
40298
43296
61116
80750
28642
27550
73706
46890
37268
17456
68994
45326
80624
95406
83482
89146
12062
9680
83758
66700
65422
22582
8262
18156
84176
38052
78552
58388
97922
62868
98160
41120
6730
50164
68626
26602
43852
53434
14770
53112
77388
48258
50226
58122
2592
18900
96662
19954
63926
18274
18720
84328
49422
99900
60702
20478
52524
98732
52368
81592
32630
58706
97426
21116
18514
71420
7590
57800
77246
36300
11480
82014
87132
10956
92168
48598
80308
54404
1676
69266
98114
33978
36476
45266
77132
34108
28260
25730
52820
41212
36826
91910
4496
36174
92882
6918
54604
78790
808
76466
12100
49580
92154
55964
85100
48622
76040
64960
92088
93278
6332
85340
54310
90470
88968
34282
89610
84216
60474
23602
41610
60010
62952
38482
42454
78532
9346
54692
10080
26646
76506
29016
71790
51868
93468
55890
28122
5260
57274
54668
58374
62906
16764
62670
63950
73250
14070
83202
62320
26516
81128
87574
43586
31360
93272
56052
21946
3296
82570
66748
69316
56618
77736
54896
30708
16134
94012
44068
91404
8456
82912
13856
72870
62146
86594
70600
11924
17592
42682
58652
8230
80316
15256
70162
81944
26082
45342
77722
49580
46738
99690
73470
1780
40536
79830
95128
9634
79154
4718
48200
17500
35390
44712
73774
13470
85184
56678
8258
32006
28074
84104
34054
96698
61946
43116
10326
6078
63370
15656
41534
26996
30320
42212
86650
19996
96666
13514
90782
17818
97190
29644
14414
39700
46042
55388
53220
85278
28972
11146
20038
45784
92580
25690
19804
63508
66944
91778
33250
40730
72742
48484
37420
61270
94956
76184
39048
28880
58718
50098
96546
78400
72074
85508
50240
47998
79576
3842
37718
48680
30240
50854
14482
86618
73182
31386
29952
99190
38238
43618
84898
57938
38656
76280
14408
59276
88168
37758
4488
46938
54204
87144
30322
89326
74728
98254
90284
18442
3828
26094
22394
25736
26250
45732
69296
36080
59570
90142
46292
35552
24630
93316
18950
28274
22992
96676
94914
7688
22054
22448
61326
71522
10512
37448
36728
15606
53018
91270
83376
97678
28576
48062
74180
43188
34386
30302
70784
73326
44328
26038
11686
80114
64964
97442
87324
8158
64622
474
99938
77618
31570
94818
74858
62790
32990
1722
17708
51796
45074
3924
48966
39518
66046
390
50408
50470
86852
57082
60912
55140
40052
18950
8568
58634
55050
50456
61770
56124
62970
35510
80380
59882
27530
8216
43494
63338
39178
55120
94994
61988
28602
92230
67938
90572
65060
7568
75834
64472
27494
1360
3390
79644
86088
28858
6050
63548
39426
58534
11000
57840
10292
63344
95288
94926
64042
32826
99598
89066
93012
69102
32396
62730
81542
15006
99708
92732
24236
41296
33598
52896
92050
33890
55770
88170
72978
12584
45328
44326
67660
7804
14810
65592
74804
22642
98444
38106
76500
55860
30586
71406
94656
5510
2450
70706
8852
20274
7998
79236
52790
63132
90134
83176
34406
85936
31350
67180
96402
45832
17912
27358
72334
98108
44310
84064
46140
39638
48806
35294
15706
42514
86704
9564
37362
48742
23224
28674
48242
27796
40774
52108
87838
21946
72106
24264
87526
41588
57090
60848
37192
12168
47420
82718
84318
80162
49874
4778
74936
82470
28598
172
79740
63708
37292
19522
65402
18652
71780
8984
63404
84360
3958
57248
40690
93388
33132
34188
53986
88016
61488
67528
54026
24674
12466
17234
94084
69554
72802
95034
53412
31652
96440
77164
51186
45480
76002
93726
52808
77770
66940
78864
650
35540
12900
28502
38200
42246
12540
7610
65418
14092
56592
45554
71236
63014
71500
43738
61336
68760
27238
70716
18602
59514
56972
73156
74116
92976
93696
32474
42462
81854
26476
32488
43562
20194
98940
49002
71842
42752
64106
80166
68148
45410
79938
99016
11900
18184
61110
62892
35376
11506
93652
67964
21654
33572
91526
11630
45190
59810
75624
87584
31720
12996
68748
91856
10154
59974
43764
480
94586
3208
60058
18220
30100
23124
60386
98340
84816
46772
79630
40964
60098
64966
1318
29070
64194
93450
84798
7506
88156
87404
89280
44098
30306
27772
61958
81330
74826
51136
36114
15894
18016
34962
86836
92330
21636
43228
30812
15030
92436
46144
42696
62134
7312
25530
52952
18314
11564
58888
20160
39736
3474
98970
63162
38710
71102
26054
7322
98620
3432
46596
56490
53460
1486
33536
6574
93352
93730
28268
15074
47314
1458
97114
12696
74400
44894
38804
51178
69818
85060
16432
76768
30442
99210
8192
96404
50020
5548
56214
68984
79166
43258
54240
51550
56706
48744
8348
68330
43404
32454
3366
30650
27744
84966
20066
27856
24910
38618
5516
79396
3616
56808
77084
46624
17038
89990
69426
84122
74602
5292
87846
27376
45468
29082
25890
74858
40118
44876
77686
69440
43248
1076
88408
12222
76896
13976
75186
22898
68896
12052
35282
51382
27320
9706
71950
49734
70342
44062
21748
11398
21320
96230
79246
20602
72716
89764
42798
30390
52242
25676
84912
83674
37178
5212
96622
84974
46646
13370
4462
85588
12710
58802
73966
29678
19436
12786
24600
57652
58086
9252
50856
10108
8870
93916
84490
1516
30972
68590
15610
67074
24230
76042
75822
27552
39512
20128
66258
31428
42056
59842
51550
24884
18016
87542
19374
47220
70664
97086
24482
67446
80126
21898
43246
21242
24822
33652
2400
88230
46442
68058
23620
70282
89572
18468
76338
61510
78820
34626
36132
42744
71464
6108
16338
13296
39920
83038
31220
35244
4094
248
93234
95322
74826
18898
57466
93934
16386
84224
19412
70300
47560
11806
36586
9746
45342
21068
2724
6016
23890
32928
73294
20890
10310
54422
84312
44850
64688
43006
95170
3424
80694
94882
51742
91166
67124
38340
12810
45124
96354
46698
61794
26544
48052
15324
38034
5710
67600
32050
31702
45188
68772
86454
27380
73952
26050
43074
55584
40510
8848
98746
88794
70960
93174
47320
25728
88876
81612
55560
45702
8008
74904
88702
31536
51040
81678
25346
47828
65328
90672
9590
15942
71764
36988
44360
75110
25146
52960
17704
80878
52318
14046
42980
32988
82276
64466
18092
84760
69842
85706
49024
42336
69520
70472
49622
59942
5666
1172
66234
59758
56262
92638
2726
78220
6248
68386
60608
73806
7990
82128
44154
3040
46534
64196
2000
83622
58446
59868
90508
24398
40278
81328
78656
6756
95900
47300
63570
20116
60218
68808
41036
93574
41722
1050
80596
88218
39892
15148
12012
64028
40704
53508
39088
76526
40750
1988
28422
60750
30576
86218
34956
97932
55508
92772
43252
92520
6176
85330
37972
83200
87486
91510
36088
25472
31074
55166
38518
52212
95862
42930
70390
60414
21738
65222
47308
33610
56878
91014
54838
90980
69708
43568
4372
71790
79366
56970
60538
43094
62126
33410
36624
72838
44062
22686
20050
298
75152
69154
1902
99590
266
97388
26004
91870
88560
61536
29668
40402
87458
42778
19330
93998
80448
77948
11384
75748
44856
58394
26902
62
38724
22242
83342
70380
70416
69216
42298
74592
22888
67494
64104
58976
16984
46546
63026
21662
34064
99540
26052
1446
76450
80344
82534
68942
49092
63204
82938
65496
34610
59022
21774
95004
85460
20558
28580
87086
3808
96414
66650
28686
56056
44252
40762
76266
42694
78960
44288
75556
88576
72298
87460
82526
56408
18568
52416
76196
69358
40310
51510
52480
37586
46700
58492
88252
38738
15398
93600
29738
99622
77150
41188
32370
5576
2812
3370
21706
2574
81862
83242
24394
74806
59518
75686
38452
57930
70978
63130
61920
96744
25810
99346
60348
74478
57056
81148
31992
44364
1732
9544
36396
4330
43994
73250
69262
89502
61092
53108
44688
43914
83350
99020
79460
73408
26942
29864
37746
69822
31256
12344
67900
38470
70878
14272
66650
82998
64636
62326
42230
1544
39606
69754
33818
54678
55668
93142
78638
68340
56728
63934
9086
79358
31964
39608
70602
67562
49200
82574
24584
90824
15560
43192
14474
49618
47572
8598
58490
59560
8410
44710
21234
69734
2360
64416
25812
22458
52180
35168
47338
34300
16134
20554
26920
69878
19576
80500
86110
38880
50566
59120
99600
55376
62424
23910
34280
24214
33628
41290
24526
77852
67572
99844
79830
53180
20792
38096
98952
76042
21432
10286
83190
90112
16932
97892
86898
62874
1194
13210
94982
20548
37780
59966
23612
88724
24608
63774
55080
89206
82108
56302
50144
38114
40112
8742
26600
55764
5132
2328
68566
21014
40852
95246
53968
43168
68558
70852
3148
45234
53978
54872
43088
8902
30304
89332
97602
42844
47832
14182
40502
22944
72506
76834
61142
75618
83988
20688
29986
56202
93700
12694
89342
42264
26928
71284
96458
32268
66756
60312
55466
51420
772
46780
93616
80140
43912
99784
83222
95684
58346
18358
43886
58064
63992
69518
2218
85488
2928
27302
76306
12804
38930
63046
19932
53128
97296
33788
65256
61938
57224
85102
40186
65324
39138
85124
61790
1148
25524
82974
14056
36912
83996
83826
49782
84532
43268
89550
91344
20650
82968
52524
48846
58650
84204
65894
86492
27190
83798
40628
95582
27764
59962
12644
46950
33764
64144
41838
4552
40446
79416
85672
22582
35084
61830
79444
61616
48280
67728
57202
58204
23092
84940
59804
2868
56888
54330
41460
51406
28658
26000
4980
21838
79486
4950
81406
31256
13700
40978
28264
81250
61202
78016
68166
78242
39582
75758
18680
14888
3966
67602
18474
81936
95300
80170
42516
24952
90938
61306
20960
27840
67126
48328
94446
54972
59702
13964
72636
15460
25146
17164
82758
6670
58324
20708
69876
52854
56398
8730
25116
41596
51772
71768
54102
23464
58654
29676
64226
27956
64562
17024
64322
57494
4074
22782
60672
448
51556
29546
41078
6234
89536
10672
76480
35412
85976
23552
63388
4204
53892
17224
70414
16544
61116
95610
38476
65342
93658
67298
73454
33364
97338
39754
39148
5236
82254
79076
72490
72824
45150
13070
41720
8216
30992
602
29554
84924
86832
54842
71676
96150
24640
83686
13476
32740
40284
54662
25578
54392
42466
12186
83292
62964
35496
63386
8510
42410
69940
36928
92216
20142
76188
69878
38538
2992
11262
8432
34358
91480
38456
30324
34582
47732
28834
75530
87650
37782
16002
57924
73868
91064
99726
41232
63902
88202
73758
87774
2338
33238
65594
66074
62920
38258
30706
28126
75998
1042
4462
92904
70946
40568
46462
34012
81984
58514
20680
41510
59396
24002
71316
69112
7672
54642
88606
81554
4046
80874
71894
43840
22442
41620
65280
37576
53182
59012
58050
24086
76816
31782
88720
76288
41838
32548
42652
16876
55240
85654
95542
60856
26498
51614
51486
10142
93370
57068
75768
84790
13456
41608
12490
73962
30892
80722
59014
83426
6242
60672
57744
65052
3488
46912
1574
37504
90062
43292
83882
68626
27086
85242
44834
81116
70974
17638
87008
8416
23712
72958
10386
3834
66982
98406
61042
59980
8290
28740
8842
54326
90296
33376
99792
56696
69984
91724
91166
56910
474
39758
54498
95044
67162
36494
77926
25444
39892
42768
45926
63136
53940
22698
98752
3460
57690
21008
62022
24488
2408
40050
40622
14758
87002
70462
12084
72910
64646
34552
81250
69530
85308
9606
48922
74240
71042
25910
69822
88466
6542
47594
46686
49702
40024
35834
65820
69644
59836
11930
59088
95650
9736
44958
84932
26032
60730
53908
61470
45836
71432
70020
15160
42524
30578
88690
52822
25878
30716
79856
25418
50764
42886
15952
52400
64706
21784
97120
11936
38356
34074
11574
82216
75772
25344
29856
25330
89670
54564
50870
16454
21354
86100
41510
76344
69804
48350
14808
26878
67532
21828
84952
97436
43666
88600
28156
85672
47702
68286
99898
94932
22942
41418
18746
39596
99400
32794
17566
56852
3024
13976
18752
12936
47736
9268
68766
12964
9224
8120
65952
74762
15036
96886
3554
58032
22710
56308
34952
49400
55260
60256
75688
97412
80656
80290
49932
78432
63476
94922
65806
9706
17538
31696
99886
65862
58524
29708
34742
8840
66202
9444
13180
19852
36538
22258
37372
81680
31426
24088
66406
49068
14244
34834
26354
41744
80220
24904
33862
43386
15004
39632
14386
56256
28688
36444
33834
40790
20734
39994
37740
42252
44442
1380
87988
75806
14658
8030
3428
95518
98000
98604
21560
86940
54760
71248
65990
51278
35584
10472
8650
31118
63114
71806
88858
65786
44522
14078
94106
16834
46234
13342
61204
41326
72278
23264
3566
64310
122
92188
32194
87044
76110
19544
474
54808
84948
58618
55830
84292
13978
56518
44918
37040
8542
54654
18414
97702
77084
93862
86308
21274
23592
58630
70264
79630
25504
52512
50048
60848
43612
2614
78218
42502
19452
93652
79248
86130
76012
57326
19950
85736
58878
94896
37980
64934
22358
64028
52594
63548
29282
83522
962
86566
16574
97212
90542
90184
83914
34456
27728
14372
41882
31056
73590
52198
71276
52894
93654
22734
2124
21888
99568
95026
39962
76588
41568
61370
87906
19560
58302
58050
98866
76380
88220
78386
96280
5590
74296
82658
70584
19298
23340
87464
79328
80480
97148
98966
63666
14758
99160
77230
90014
38930
37998
66588
58790
59454
72998
65838
120
80060
73602
4836
61490
36592
72958
77042
83672
54820
29506
35440
41948
71930
10380
76014
18638
15980
28776
14510
19366
78408
48184
87494
3972
32694
61414
48956
62924
57412
2878
6090
28116
34514
56904
22872
67664
65698
70486
90460
6172
42336
99510
60944
99728
48992
10196
31686
90384
90530
55962
69396
80066
64864
68884
32638
68334
87994
25486
2958
11816
18314
67206
11008
56916
78898
59136
77340
83276
48856
7572
45616
99700
44024
83164
65156
9298
16294
61488
41196
9418
50398
46608
24476
92686
64488
97728
28960
41900
17342
83408
81996
52864
55006
830
9606
82618
41880
26158
55458
70492
19662
27018
31404
22868
89088
572
1968
60556
23418
96186
10742
66016
62810
29840
13896
82366
9834
83828
74362
33968
64676
37198
18288
97978
88700
3230
17938
16544
67978
91714
55640
10612
84918
74556
606
92224
97246
84130
59410
6150
24824
89778
31996
24182
33560
14914
43296
62332
13210
31944
95934
89044
37740
23944
2298
45304
10066
98214
42906
13792
98104
92330
41396
58198
83468
49258
2652
22330
18066
9024
2182
61928
20598
52020
78942
58760
71730
16816
66906
53006
72352
23014
53246
47456
89170
79080
72726
8944
71074
69012
32430
66694
40048
19204
20120
87916
18720
15222
71300
21330
40124
18938
41908
12660
68686
50324
62180
70378
20314
15684
60764
55026
22452
58896
6808
60972
33750
91130
942
64066
79664
69110
65410
95072
66710
52030
37786
2704
60840
70736
73102
15116
21688
58872
74414
81696
15868
54486
24330
48248
66858
69454
93036
11992
77172
81786
37868
22734
74598
19496
44772
77052
96248
33962
68814
31400
93066
95780
50214
9510
70518
98800
31078
65318
3420
44764
53236
63802
74342
31682
18316
78344
49184
77316
63248
6360
48884
96890
96722
13718
45762
12688
43160
84806
99964
47914
38868
10396
61446
2792
48846
97438
19118
58596
33604
29144
56574
77544
93592
26560
86808
12362
16000
10700
2890
34104
46652
54542
62788
55584
62188
71146
73662
86892
64928
6634
98540
61844
28538
39608
71776
8480
59542
70934
17740
66810
10548
77204
22844
41370
66344
93220
80190
73536
58464
18848
87180
57400
21478
23602
24000
29070
14838
4378
87308
60624
77006
86116
85880
22568
50418
6002
60686
83546
77794
25008
3368
10998
97992
3776
97712
48094
68502
62900
21722
46642
90854
17694
19258
24064
5306
74562
27734
7198
64022
9032
89454
70140
91216
89294
34804
31302
60768
13518
28930
9462
76162
49844
65830
57646
80758
89198
64600
70626
77334
79922
146
79138
93836
10580
86384
65962
29406
75214
20992
2986
15566
99790
42110
44708
4794
67338
24126
53980
44914
23066
28312
75378
59180
58166
81466
52826
32044
82186
79694
69346
24134
38994
4198
31816
2160
10746
25150
22130
92996
64364
60396
41428
46114
36772
24286
64134
40646
88918
99462
86096
86828
49322
47644
64916
79852
93306
74240
17006
61294
19832
58856
69634
51626
82638
34504
18640
19928
1294
53146
23432
25088
37682
60572
300
18010
53520
96750
94278
31986
82546
79796
40700
15510
25214
29986
5882
41798
76666
56180
29670
7240
85744
65968
76110
73682
56426
78932
86922
81956
88612
26404
63968
91778
39082
30382
59264
9652
82664
82994
51524
53976
48822
61844
95276
71434
66464
988
61010
22594
60374
53496
22870
22832
38170
43596
61572
89886
68716
59804
50806
10366
23196
90544
58596
4356
6140
64072
59176
44616
82316
79912
46532
80458
94460
73964
36904
83840
46960
75148
3754
662
58340
53834
67524
55788
96632
26462
1166
16724
82434
15778
87956
48310
69346
6286
86524
54676
5894
98750
56172
86770
11850
7994
52918
59048
1886
97992
370
21044
5748
58960
14694
42950
88406
57356
69602
67228
74892
6292
2746
40280
96342
3516
69714
1056
38852
13868
89130
1020
36056
23656
71014
31594
66494
22354
82188
13206
36902
49984
28348
26836
32258
1104
15498
4576
22564
58768
5764
65130
99024
1156
20178
74930
83908
65722
29516
30690
2182
74734
89418
12404
68108
36052
54244
27400
1538
33556
9322
25566
76474
99876
75182
15926
91648
86680
67488
40148
46404
98810
58822
77654
91802
61360
53720
77232
93840
75158
91934
68484
35700
69210
79406
75182
21214
18976
37838
8612
96222
43092
87512
42166
98454
41490
78700
22720
13886
76872
55078
79706
85306
96976
85896
79144
10180
4278
69888
81298
30106
65494
7782
68890
57070
14952
78480
13502
58904
19396
74604
87070
37094
83864
17836
27020
3476
49338
97758
8776
28626
82434
17136
62120
82170
2696
64208
53454
76048
76650
83482
40694
99282
79646
99512
88840
46772
65212
41840
23692
39248
93390
47682
47474
78664
83140
8444
14152
88458
28610
68576
44210
44918
89900
31466
82740
16660
24428
85404
46840
82092
48850
81682
49846
31812
2852
76080
64880
57746
63128
39532
43198
9152
56912
55934
86058
94738
20032
77668
56258
61410
43370
34542
28950
24346
72540
26216
86106
32820
21382
84062
33216
62134
19226
22198
26576
36140
18250
23284
75226
16452
3362
72136
73598
67936
26540
82104
75378
33186
5104
2142
24836
74200
186
27248
17316
87480
90630
39620
14892
97952
91786
9968
51262
6826
85290
44440
74330
75662
99758
92866
46422
17210
1412
80848
62486
77910
12198
85754
36236
88580
39208
15354
76036
43564
87506
73772
51906
23866
50340
19148
92646
63604
97336
98928
30140
49420
20688
73494
68508
80880
96084
78366
9752
35004
40694
61126
18232
52050
93698
12054
15624
34410
17394
40114
74882
38560
59334
78084
81212
51040
43602
95742
9042
86538
98082
94340
69298
60964
37006
63842
94054
46488
29176
74334
11012
15402
19226
58408
23402
26516
78154
76364
81584
72648
21020
22824
90220
63592
15364
86762
32978
35600
79370
83440
77792
34028
99860
91622
17534
77254
95804
93056
69292
50200
37810
47420
57336
50604
24192
35720
59064
10838
69118
61472
59750
96388
3832
20768
50616
98518
10286
18604
49656
2078
14780
60772
92098
53262
85432
28332
38738
18786
60708
36642
5090
86710
14674
97808
31598
7634
92738
90430
38196
39908
62462
32558
89316
7984
99768
36052
11938
32598
4340
43202
16956
8770
18746
40368
76768
47182
10948
750
11926
99848
88878
88864
92008
50350
46974
27624
41358
35284
43174
76886
88250
87220
38120
78218
26960
77550
87902
974
18804
83406
22298
81720
67076
16344
97894
52102
2550
24450
7814
45220
94108
97534
73584
22410
80820
45292
26414
15352
2778
78500
47198
88088
99022
4502
36500
26520
840
10614
53170
76202
76130
56334
15142
96478
6322
10690
41830
74342
32418
53726
6064
46286
92700
89152
68974
78594
47536
67810
25220
87814
88492
390
41126
39582
14822
63370
18336
63534
11910
29220
75836
80876
34944
62448
8440
73766
24196
24782
92470
51088
80234
11240
59884
96320
20334
33018
35896
61552
80794
99036
94258
14974
92850
50574
55404
92290
99696
81938
50986
5364
58842
54454
26642
14262
38502
23818
55730
98080
23880
88954
3814
38638
88146
78276
10244
67972
64766
97418
63274
82916
5416
69916
41612
63546
41500
78374
61384
20918
27052
35928
23554
18436
88352
19776
72596
76808
98928
89354
8696
18854
80406
90794
26970
27636
82530
94748
27664
77568
9646
51688
990
80552
83426
56476
57788
8624
48966
9906
34656
36980
46036
17478
53742
42758
11958
90366
96200
58766
10722
14538
56312
85144
4374
98702
19766
90372
3920
43092
51484
60840
79706
18342
5730
39088
79296
32132
14098
73138
23584
3468
35386
662
96816
11734
58330
31486
8816
24662
87358
55766
26954
87306
3650
36340
54304
95140
93504
3968
12402
81008
53348
66872
3124
71446
4142
9166
24052
92430
3026
90436
63896
20288
49168
27148
80194
29290
67606
72434
93456
74262
28806
23808
10
85996
57526
82612
95618
67266
48640
46666
