86251
75305
94055
74669
59393
59327
8745
45927
74167
61283
24681
77073
48105
12269
51465
86619
34529
22407
76181
91799
69085
82241
20323
2151
44677
65993
23251
96129
25289
60363
39131
40051
13777
64873
45179
34363
33855
49713
54745
91393
40361
73471
51851
53559
33369
19921
16279
40661
44727
71537
7227
6613
91101
10993
65531
55615
66993
60665
42305
44105
29855
96437
99747
70901
73875
30947
68689
93611
85627
52941
23157
32711
34651
62065
29303
98589
77393
21841
90655
73607
37233
57583
40517
651
66589
61513
7965
31425
80701
71935
81147
36939
20373
78653
6363
25621
16141
99015
45283
81715
21819
54449
76879
73261
48923
7919
41185
82485
2703
46859
51589
71585
85871
92647
26629
81659
87395
28467
15593
58995
52241
11009
81895
90883
42165
93537
78437
43903
97655
70509
98257
67751
27477
24543
20791
11587
34047
16331
70687
73999
13647
49701
1675
44261
93319
84023
26963
95955
12639
7675
20609
96431
60931
89001
39907
85867
57035
56517
4707
66751
81005
56471
88799
93811
10209
62661
88337
15449
23179
8699
67185
43017
33713
4419
14669
73339
97957
97793
49293
19389
82829
98879
37437
91623
30707
19883
60621
82209
49115
1479
72553
64451
75703
41911
30011
40477
73351
42765
27235
74551
49747
49177
87931
93079
14717
70315
43919
55099
71793
90945
12819
87915
49325
51053
98423
233
2185
57147
20897
41021
73889
8805
96357
29307
44263
91803
18633
94459
76251
95935
57277
76625
57813
15067
18945
20323
33317
42175
72591
82651
98557
17833
87199
3433
83507
7399
42053
7939
82855
86155
67663
21927
57711
32469
11805
74355
34283
72563
49677
90337
27165
12663
96413
76927
90145
52837
42663
28741
38631
72321
6757
88613
56961
10267
85881
61593
44123
22931
83
65233
88561
40325
68303
32947
82429
67653
65689
18117
40793
40447
2925
93845
77271
20909
92391
66633
70755
92427
84845
61595
11715
26287
1499
94495
25771
28505
80355
75063
57955
24293
77255
37051
69539
62215
80067
73153
72035
65261
26553
73165
89673
43259
41293
76449
45693
67943
60851
57705
16539
2069
25073
13393
55611
32925
98751
45073
62667
71749
55995
66377
95679
47975
58579
30515
40647
38383
27323
19137
64971
31733
62121
9031
6849
41277
75373
92835
20723
50663
40213
24773
77301
25765
61911
93905
65313
83323
17707
10589
97935
46337
72557
33817
40727
52051
98267
39269
37243
59789
42261
70605
64851
74047
55731
4637
80819
84659
13483
9751
35875
64743
55083
71547
59159
68551
34603
94507
8403
2813
14187
33783
77111
61137
2119
25973
41783
55277
73117
26035
24447
98727
27057
12815
86595
31901
3173
29047
6651
66817
34379
54311
331
59553
82391
58771
65637
63921
69003
91121
95355
93429
55569
18669
26171
92987
52873
21001
4255
67977
61453
6091
84287
99165
8731
25953
42231
89129
59279
64421
32055
71457
26335
8247
15751
47811
62035
9827
88113
98117
57187
53795
83249
35593
99505
47071
77045
33103
87397
53477
91157
75013
79097
25705
98111
53435
32489
94631
53339
27757
7999
99523
47071
4869
50711
8539
96131
29261
6565
40421
7255
23579
4797
73169
24183
35271
67959
86789
85347
10091
25841
44121
47495
25433
52375
89855
48181
84161
76545
20277
86445
31213
79345
10685
44775
91087
667
29943
3803
28847
76525
75329
24415
23197
13831
80829
14139
68861
29711
57261
4047
64919
86461
53969
23331
7873
31579
9919
42061
49659
47115
27963
38459
94211
60375
90379
34689
41969
61735
12811
58753
68225
67097
60861
95517
5261
42445
21161
98095
88865
88461
39141
85791
99411
37491
83071
51793
1149
9687
64267
90409
73653
60607
47759
2643
46357
79677
10333
54087
21991
36729
15651
85981
83951
14929
67393
14449
65717
59941
45955
62743
96983
8883
25705
37845
54695
88859
83219
83095
74333
18389
25195
11025
63835
11441
77495
7927
56893
63683
21357
79723
76601
10797
99663
34557
9705
10521
81499
40401
22811
58317
45679
45511
38383
26407
93213
28069
16771
17487
24567
53503
16969
24107
38165
66779
10541
8857
77361
80919
71997
52903
96093
78725
68385
2053
1177
88471
32637
30331
43725
61347
86883
22119
84567
95961
17387
45597
33599
73659
61461
74553
19873
44833
78767
2533
50395
6961
75553
26231
18381
6981
40701
6395
6585
56891
50421
11309
13407
47035
26113
60959
48315
33267
95169
81357
89633
73097
30037
44521
51267
39535
62887
49461
64897
59981
96749
72085
19445
25081
73363
28107
25099
25213
4503
71291
29523
88233
98289
10161
43251
6217
64221
29799
2689
773
68761
72293
12143
20669
60045
48885
72805
8523
66419
37075
48191
85955
65999
47867
80777
29651
86993
2073
58737
3647
97113
73663
98351
37473
94981
79491
3177
70691
23023
28839
58027
65043
80655
34441
4167
63175
54413
8361
72769
23279
49043
93939
72491
46929
36441
79843
60147
56493
18775
77907
60637
93361
14271
15297
90337
81999
315
58333
4677
96711
52889
77933
84037
55127
94945
66749
60481
59235
14905
30117
33599
39123
37711
93581
26931
28877
60779
95949
5369
30997
2747
39471
52395
80649
76757
71931
3215
81909
37799
53851
28065
15229
31613
55909
11821
2889
28153
19181
59269
49311
95707
42831
53845
69275
70921
48933
7755
48889
1497
33457
27131
29475
51231
86575
21107
74209
40757
43793
46761
86339
54995
86893
28903
50087
94457
31033
96437
61079
585
60671
11097
99169
99435
50755
41599
65327
10253
48913
78785
6451
81321
95091
24181
36635
24221
32049
56331
83879
95867
28485
35343
69447
19325
64241
33811
21421
23385
77603
10853
2935
56495
48287
56181
93325
91237
5195
20859
23197
99691
90477
44033
56383
43885
79807
49575
26855
10385
76969
77861
61291
83193
82291
88813
74691
90659
26413
7617
27039
51465
93039
71867
12577
5889
46567
1009
11177
8871
74615
14759
49005
92007
37729
47495
38199
96513
48779
15073
79439
59927
78991
59271
96715
13215
77955
53905
43583
90021
29237
32249
78047
70017
69319
23081
42785
30057
57933
48239
40319
80661
56147
74215
60703
93633
22075
62103
45591
27763
88623
51323
94497
44717
933
89711
72843
10621
85939
62931
62665
23389
87795
36459
99983
18841
15137
60831
22933
79083
64817
11989
36557
32227
55245
70527
18019
37573
62943
47731
15097
3549
74827
59859
4261
11401
52963
95107
42625
92497
66113
53139
57721
37053
33827
64233
30287
43243
47145
9717
18589
9717
45073
72319
69783
54349
92397
77545
55593
34447
78401
42723
72407
95161
64829
85651
14469
51135
62809
26291
72283
28641
6293
6487
24431
81349
77185
26937
60309
86989
12849
50417
12353
66243
22131
62337
92347
85403
23901
60173
47643
33963
69515
23955
64727
88681
7301
12913
32681
55653
4917
38177
70285
18801
6591
51363
27499
19713
77285
18301
46975
17727
59263
6087
93113
48507
97115
6557
81833
68329
90425
59833
39175
68841
62205
75907
29693
89217
7519
24665
76635
79543
54061
52761
22391
97329
14355
91261
70713
38691
39227
62377
19403
49509
36623
26685
7
64519
2035
45391
30869
22865
84053
57395
62637
81831
58471
22013
76599
82573
1441
83171
57495
31283
71197
45281
43131
51541
58349
66703
14551
13023
47733
23153
98723
66409
49395
83863
42665
2641
19221
69795
85271
11419
87777
65231
693
84363
47941
9041
75833
52753
5193
23045
16653
49277
36791
59679
84233
14233
3751
72231
78443
25943
20127
66115
79949
82631
47343
21943
96883
10309
87149
72195
89827
62601
17745
22535
24383
29129
74561
6053
79127
62365
94393
82481
56313
10911
79953
52185
18953
1029
77827
81817
69927
15269
91259
53785
23317
51991
75647
54607
88111
27125
9085
89941
50103
56883
2389
3367
71333
46091
81169
25675
17947
97255
78695
62607
33679
73985
99257
66173
91673
61475
6159
40803
71767
8661
2991
507
74013
45643
22601
20003
99747
47861
78327
76581
92147
48719
56583
54663
36411
22797
32229
92735
81829
90895
52853
46917
94987
81563
58317
49599
64843
66931
89581
85483
10571
7853
42425
90665
60891
70297
19017
43613
719
69997
81591
5345
13851
7693
27461
83835
53109
8007
94353
59661
92509
59251
18713
26667
31757
4235
6769
90995
91043
89319
59371
74391
23603
69743
24361
77695
99095
89771
78693
99475
29315
40797
27559
19821
81071
39879
5573
38627
45593
53803
68627
54267
5489
1097
28361
73941
8865
96369
92989
41959
25723
16437
4169
37953
8615
80739
85345
41447
72347
72023
67795
4859
24675
79111
19237
30763
98589
727
39911
58643
21475
19919
21899
23933
28699
30073
95313
42609
22955
29209
34689
8817
5503
99725
89537
24511
89953
90685
92851
81029
34723
5717
99071
43273
75611
52211
1259
84393
5287
41641
55827
90087
30401
99695
70299
14893
51581
24019
27293
56261
54749
85905
62415
64881
6333
46543
50559
95661
12443
35065
25343
83637
96941
64591
55613
91555
45981
52627
29045
18313
42795
87471
97601
28291
26187
96337
79479
2063
70529
21757
27491
12123
51687
71079
94507
76347
17873
58643
86787
77631
75635
43917
14327
45503
46677
78731
79413
72461
99863
20803
47729
43983
95659
77239
95733
95547
36055
20141
29917
38781
92431
76109
77057
41689
71945
51895
30821
56065
52643
48497
55595
21099
68653
45051
91511
51215
28825
82237
94215
55815
6375
47641
77577
76033
80703
32559
85795
28817
59015
72055
93001
52541
11631
39379
88249
73937
32239
99559
9449
7109
39011
71999
72395
2339
46511
25989
56117
59377
73533
79003
50683
4171
51063
39599
75987
62213
9413
5339
18521
77339
22077
96975
83805
23971
91507
16189
91931
76505
26135
67047
74385
34259
62649
1233
56083
44029
38785
63837
47533
45243
39057
42301
24387
17091
93417
36247
17007
87003
82973
94507
78711
63765
46537
35451
1637
51063
34147
33597
15207
51829
23977
48737
60897
12207
34443
65875
43277
33129
30483
21643
19607
82717
10949
35543
57991
50099
69273
43857
95413
60389
4503
52807
14803
97881
39035
98053
31427
93323
78319
959
51139
87337
78163
78203
60103
3719
76045
89633
16687
58949
6277
40203
55133
99059
11995
1765
55099
80223
14653
60205
28757
60695
43909
97935
68549
5237
60947
96383
79277
9755
30013
61891
59193
12789
85321
63549
7785
25715
22539
13577
25341
98591
82917
35557
49949
17391
61345
26479
49507
24907
97671
29291
27291
27959
87811
35113
4297
45603
26763
47103
22593
71173
96953
53285
4565
8641
49209
54267
28917
83015
13287
79139
41511
57977
57893
96221
38157
12381
99255
6969
16273
80437
23989
1947
42539
22895
10313
35783
15875
577
91681
46843
59701
70637
36175
63025
5213
73317
28367
82953
77305
99897
51167
79851
96019
29251
52171
43095
54933
59925
36467
2995
10559
1329
96193
553
83907
12249
53201
23625
5773
50105
86679
92763
60903
64809
94853
63117
37041
6227
63923
41065
75585
53449
16855
54641
67665
7197
86891
63517
82981
48993
97395
2915
55789
32917
81139
54189
13585
24931
2837
92077
67275
73815
37377
95961
19183
53901
71891
92273
43977
19869
11193
14397
87027
47421
9755
99653
9043
35383
79293
70579
97519
46501
30279
87695
49901
2763
6665
48313
68893
39967
30715
62807
70557
5379
90633
41465
57037
47839
71327
86933
5605
75983
36129
7139
45249
32889
68351
3307
62569
20261
90153
33793
5489
84835
68073
6705
95537
4719
12865
48219
68413
47241
4573
83829
54149
45913
84983
21285
46719
18079
21815
87675
18593
12429
37995
60255
18025
23607
29739
12843
54561
40135
86865
40645
41199
37503
26129
45351
15217
27867
91067
46919
12789
61747
86449
48729
11913
84351
50045
80977
76775
39081
93911
29429
28083
25107
93697
41019
26799
49151
94837
69273
43851
39125
77325
76725
86595
98691
3567
24623
24875
68657
31369
57399
66047
25257
27211
61543
89379
37101
56029
96913
8963
89349
9433
64251
53449
40347
40435
9263
79627
56977
78779
72839
54649
10839
36065
44629
59115
49457
11513
70209
78637
2109
56891
14351
81577
97887
23345
91371
85897
73501
12613
76981
39185
30923
14937
31337
90975
15107
65179
4247
19671
4361
28823
22775
28907
55457
52699
91293
86389
6877
69733
34371
12363
25345
27599
84977
88247
50619
50229
50859
76301
67767
61047
87977
90291
69191
41695
13279
95655
66185
50011
1485
97771
71347
81925
94359
86483
36171
79107
37333
73941
80951
34569
31339
33131
5489
32327
38031
98917
28103
97863
48989
70181
23405
66799
95971
19681
64493
42007
21705
98711
84895
18941
57045
79863
891
66415
34831
6505
95187
20207
69435
43605
77703
44505
46399
5145
2265
60223
60459
53125
89437
56157
95469
59493
51363
74081
44687
43133
56227
88739
28171
85687
79453
64279
36609
7805
46741
32497
11977
27077
41541
37539
44771
26877
60681
62203
4017
38087
98007
73205
60621
46089
46837
6879
23805
39771
31825
50719
21821
471
68385
43263
90889
18011
78113
23825
48677
4837
66891
37635
23103
5679
76403
17991
15917
25547
7069
2699
32735
98753
91643
80505
75789
58895
57783
1899
32789
87443
66339
88001
26149
68039
42951
61045
6127
17059
93891
30923
65985
13631
79937
19715
54617
57005
67579
8775
16999
64341
62289
14913
52723
65409
15343
7811
65333
8837
30823
82447
85195
95837
6887
89753
47763
69845
14217
98779
57391
98023
54979
73195
44041
29367
81529
86099
25597
42623
20671
42127
43719
47657
86861
34797
94269
71863
24583
78099
26905
17133
21559
47639
49043
89225
49667
47819
16931
18393
11865
34847
72877
55535
4787
10315
57825
46519
32939
2135
83729
27935
77239
79849
13035
99877
37
67069
64119
79501
52975
56059
80327
20631
37245
61099
34329
34123
31901
91481
6751
12859
34497
94661
45935
65337
91843
35197
50105
71153
96031
69911
85591
4675
6431
18919
30177
87037
1287
42287
59617
53369
35663
30085
78373
94347
62529
50407
2571
68821
62455
44851
41573
20991
78997
77801
27721
84929
45803
44701
60267
41265
53721
95005
45733
95033
66449
33721
61439
65963
2939
36123
37791
84369
78843
94927
72165
48603
28533
32131
27677
19261
53929
28003
79343
37029
57367
76939
62683
22757
28521
41699
59417
38393
33033
11213
44365
66349
48103
86229
87483
86689
4181
73263
30913
81651
82005
8015
98091
29869
45835
68403
3645
75031
59185
36513
79269
57337
15717
17669
93577
121
4565
66009
31529
45297
51439
34335
2423
64337
15435
57393
8563
62213
26173
95907
16009
61629
20735
41709
7407
15929
24693
87167
56715
563
5497
25649
427
60201
43315
11393
63025
24415
16141
51831
8913
58757
67713
38563
39379
48841
95557
68917
48731
68343
27221
24613
34259
28487
86549
85693
65137
79333
26419
60395
82299
83403
61681
6635
70197
35655
98443
81299
6407
34579
38209
26455
6997
55523
56947
31547
42179
30973
65129
58617
33205
78119
49849
26567
94333
7935
70999
24839
67987
29979
88651
33443
93701
761
64203
73569
11649
49017
62311
6625
26153
90987
21225
12099
61373
57891
19241
14385
75437
99687
81565
29175
63353
52527
28011
44969
54911
42185
3029
17131
25523
48561
72565
899
85165
39927
95687
69579
11205
20823
37331
19163
72083
9961
93013
68919
53397
2253
9701
38099
94621
12271
44207
4961
85001
93079
10935
77071
4305
92583
44983
48951
19491
85197
84145
81487
33511
77353
90337
51231
99605
78307
80199
77733
9735
16803
28587
21591
68987
87955
93113
84527
8339
53521
22515
44727
37133
88439
8855
47985
59345
93393
10579
81667
80673
15669
17445
13151
37769
29405
70589
44583
41561
10269
84081
28073
39501
22185
73265
61469
15985
33411
2457
91299
42607
23333
60565
48751
8517
97305
83857
88063
39223
58697
443
2333
69445
86293
2093
53111
80769
16837
83515
81461
86885
689
1203
36589
87199
11625
26713
3345
69695
23501
72701
48923
31023
63763
97575
59095
61165
98597
82781
4413
76901
26891
67387
1039
39565
1919
7381
53747
34885
6601
69519
89885
861
37277
45645
93809
79959
49083
18035
96549
1999
96345
64737
42055
74307
18385
71869
70931
92025
81715
95861
56979
7189
42659
14521
56085
61171
42231
31673
91703
26667
43699
84897
74535
51705
38149
61931
10151
34703
18651
71975
45961
85075
43097
25683
16779
8075
1333
54913
79537
57405
41639
57199
76079
64529
96439
58591
20867
68485
83247
24481
18563
96975
64479
89361
28065
97791
51881
41745
31479
81915
54339
95659
37599
8105
42487
28559
8825
40785
54193
82637
91325
39721
10601
82561
92907
84451
73189
9711
13345
84363
28453
90003
83675
92511
27573
14641
17667
76719
56599
31465
4739
17169
78651
97627
81899
15841
29573
88287
80669
74323
81101
6847
36639
10947
44755
8907
79101
54597
77297
90177
73275
98327
78521
85767
61505
4863
96259
78783
4667
34809
15841
65973
63809
95031
75855
90931
93629
52541
36185
11643
77291
51209
43501
57471
63249
39167
26395
27979
53665
79937
18395
94495
6939
44659
37275
33717
14623
16759
4935
63135
8031
85071
91413
81295
59709
78137
37289
14221
42111
76731
2803
22989
70541
92551
9605
74395
53099
3927
62171
8669
51733
67413
99395
73363
10309
18489
80937
6219
13141
75149
64451
80151
76189
14839
38605
12149
41413
72065
44981
90683
59973
42121
83873
29675
92413
89909
26959
68159
19265
54187
4459
47491
92937
40345
619
9805
69943
63149
95711
48855
71867
50251
90851
46917
69771
33475
34121
80461
75439
57869
57435
94375
84365
46649
44257
567
57965
43523
54549
86411
24447
55165
96123
37561
11311
55413
78515
58587
93067
53209
35611
91603
2621
74157
47243
62253
53495
57509
8459
99139
54117
98789
30685
65509
24827
65173
6885
19897
92485
98771
12107
77555
86187
9251
39951
72497
70551
36309
73465
6119
42447
45585
17187
45307
39113
54311
731
81483
3021
94617
36047
21653
10875
74573
41953
20469
35101
44917
88245
73949
97349
42821
72315
18093
32571
59949
83677
81535
91317
62455
30475
75485
95431
18891
49063
72205
85311
53247
5553
76785
5129
71915
48263
33133
17921
66563
21551
86335
66905
97695
33513
6475
95711
68589
20535
43599
98475
243
94887
16051
91769
55931
41843
46119
66523
10873
41953
25787
14211
72421
25689
32159
79669
38933
1839
56539
66431
32695
77313
91417
86113
53461
80893
68999
87013
83327
25003
68335
5077
88739
40965
50845
8527
5679
10793
21023
31511
64333
6623
44275
76591
58223
32281
59281
57875
9241
1181
4483
64001
10283
37347
14051
43475
77779
56683
80925
48329
71979
18331
24287
32457
86467
89813
94051
24433
99093
39341
8069
93095
18907
86527
6327
15869
29861
60605
9251
60395
71767
5059
15
76295
31817
99671
54395
20859
27321
34617
68489
52107
5597
90365
21183
16861
68919
21779
85613
95583
80661
80923
57893
72535
97027
8483
40685
41235
60227
68055
43683
27983
69345
21269
67379
20435
30133
25769
54129
83091
54493
28937
9141
54883
82273
90133
32299
25363
11161
52861
67423
91231
57885
41497
58563
63135
46233
81283
62001
27227
89621
75155
59387
33027
37915
83543
26795
43999
55527
7707
30651
88255
84435
43255
95195
50711
98963
75091
46393
66745
37601
4809
75691
13551
59337
53555
81075
47913
66227
75019
34457
28277
48239
24589
52755
37957
9531
95639
67749
19367
78201
54647
23885
35255
16393
22613
72327
8189
68915
55773
29983
86649
11121
71511
88855
52731
33609
13511
49425
94083
15901
3007
88895
13165
19871
44819
74671
2477
6513
8823
11747
10439
14481
50869
67745
25711
84605
7553
85553
6255
16625
52125
10181
55633
54217
52431
62769
74953
16977
88197
75161
58499
35439
88715
69137
21829
96885
58711
80149
52641
80767
88323
50047
70809
89841
39909
95635
82487
98427
82143
86375
47401
74111
1537
37095
59025
77461
95381
79463
23825
70955
51979
42657
77681
1629
77501
35743
38047
40881
51151
79837
64829
88891
63749
27449
31683
54439
99411
8381
52855
57479
35489
23169
8477
79109
50845
27173
72061
14065
45331
19149
86879
65179
51039
89785
12037
54239
17469
54241
85893
66675
86723
47301
35185
26179
81057
16411
66221
323
35671
655
8073
52917
18629
14693
99751
79525
28835
74547
83179
21013
4589
94935
42461
395
3515
60481
18705
71431
99327
8371
5931
74693
62055
86145
19905
63959
81135
12819
11415
76701
31437
71201
45087
9619
5219
16845
39247
31961
23335
80555
68993
94355
1603
64231
89711
40125
86845
75753
63861
32749
95769
98053
11101
7985
81985
31823
12405
11197
82541
71455
49503
88701
45133
76167
40879
35055
81779
55969
74747
21465
12815
71287
86827
15901
89591
80511
5655
90971
76539
34731
13893
71685
8327
25049
87543
44035
23007
67027
19883
27341
21497
57179
71123
34695
8945
62447
57513
51511
84003
53411
91217
61377
8131
55419
19441
42887
12655
77965
23833
67099
89033
93787
53997
15715
61633
33581
97565
5275
41535
56847
22531
78275
89033
93505
10541
37395
43981
13295
10451
50965
389
69179
91019
7719
4409
68711
20397
35779
42089
22387
55497
93093
94707
26791
40231
47343
57449
10175
301
95669
32649
27301
57947
47931
68121
93307
76345
89155
89417
35353
54283
50017
6203
70977
36437
90323
54519
92567
67777
61891
32305
53365
43513
92333
6357
83843
89717
64471
29635
55813
67159
31503
82013
33779
29175
76961
81355
87255
36335
80185
95715
57001
56715
63559
1549
95185
31427
90969
7131
62303
16469
44665
18531
51
40619
20053
64803
67357
17769
14271
78555
5667
16345
17893
13421
37679
81559
74847
45095
11283
57655
9471
26495
87479
34931
95745
67833
30439
27537
48003
6693
72859
64501
46061
987
11163
68985
82127
50397
88313
68535
72019
33823
98347
84581
46779
31741
33311
44153
11167
88575
38531
66781
50433
21459
39739
31151
18875
73379
19573
59561
78735
74907
97945
17367
2733
96533
40253
6445
72023
5
95901
995
45701
98783
39709
12005
47809
5439
2239
90691
49751
24089
4205
14517
53679
74959
77367
41799
41987
37241
90447
69257
37611
86973
93279
61307
17165
54073
2053
85033
10121
13299
63495
65317
10313
69889
93411
5703
27775
85383
9443
18397
7783
29055
38317
66037
46931
61673
27199
94439
34147
2887
93443
29653
29307
32663
88611
97301
10611
86809
75683
63325
67295
71147
25999
22473
47111
72713
50655
45747
70803
77629
53729
34961
45513
56423
26389
57253
22905
38903
38223
48135
37653
98135
14929
24809
91219
34273
1003
66453
80667
65899
66679
89875
45573
61423
92009
21017
95565
94079
21985
66081
51439
62097
86067
62881
29089
43383
89345
15861
31605
11995
39493
91331
4933
58735
15645
77859
79837
10777
8031
17299
94541
83415
19839
90211
75787
73041
80301
19055
31755
1531
27973
41311
70639
53817
96965
24327
44217
42869
73513
26263
593
19563
73209
51641
41691
45255
73723
83625
73293
6843
34299
11855
49445
71179
63125
11399
59089
57635
49907
55
66369
26283
20991
10333
11573
33327
91171
41559
92041
86545
24849
19569
17173
65215
92525
80409
47555
99317
65601
92647
21041
71529
78701
27155
38303
14995
46685
10887
42719
24003
57473
64291
14719
77019
6837
86539
7879
42591
141
72719
7731
22249
38009
83699
60847
42637
85107
54375
78171
28871
95793
55065
50225
73869
16981
10309
96099
40321
44511
14085
75473
7777
14565
94951
84543
79571
96963
41047
29359
62031
56247
32761
2795
77691
88097
67803
11631
26219
39613
97023
55099
89513
34573
91553
54257
9529
22383
22071
7297
67797
19339
47943
51279
18121
28173
28883
52517
98185
723
82961
66847
87075
62339
14463
84365
43673
36121
87207
94333
25195
9697
21147
62027
36597
6879
26373
96379
86797
4879
22009
38809
9581
37021
56009
97947
89863
73293
98991
31261
13961
43839
2275
98545
88223
35203
15967
42615
60785
50341
16089
86933
11905
7395
51097
8755
89779
81335
55913
34339
99209
25359
62613
98493
47981
47779
93129
44445
89485
83643
94313
43051
80475
72795
385
367
32117
80889
27289
42137
64073
61867
96327
87277
71719
72423
22821
45311
86373
8375
24903
6595
11009
10331
79731
44501
85545
80895
69523
23827
51427
3781
49865
41933
96061
13799
73485
52701
72341
85751
91765
68443
39729
87527
26747
22275
18471
90433
69617
693
12469
52703
46861
3483
55863
39397
62859
70779
52279
69925
61635
38037
80623
24913
25765
42139
87117
43891
73149
36187
59387
80455
7979
61803
33601
82817
7939
60625
11401
25857
1525
60441
90973
80917
36563
49415
11951
12163
99267
71225
62869
449
28727
3351
7875
84257
51923
95405
50859
95579
20695
61715
51091
86527
56395
53485
86717
97667
13139
83683
68981
15765
79003
83035
2899
87503
91259
12061
62573
785
94107
1437
51537
3287
35569
93827
23537
42913
95105
7149
67543
15117
60021
13143
47859
64021
12873
66103
9735
33793
77335
1949
57509
84691
81611
6823
74031
31297
61381
83657
63365
51061
81919
9721
25231
19499
53063
16415
21257
3943
81705
68607
91089
76215
25269
10095
86151
4193
9269
1499
16173
76603
72225
7697
11095
88719
61235
83753
4605
11939
64215
59129
56327
62759
7091
56945
81753
70021
21585
21681
63017
25027
99145
83169
24931
26937
43329
97337
69801
94327
77773
64371
19303
84563
39861
14081
28977
39895
47425
91043
34309
76069
39253
93373
64817
4805
85207
76825
5105
43219
85299
2657
15625
88283
43511
61665
70797
391
34031
37321
32201
96499
95147
13155
11629
18891
28535
1307
64993
57879
75761
81379
37293
50377
71451
34905
36061
29371
58091
66249
65299
68933
16299
1727
88145
26943
47877
17703
19879
10067
11157
62327
14857
49009
34391
99735
95763
659
37307
57239
98257
90889
81029
5217
91499
94565
95151
55005
13067
58423
61143
86835
97543
26327
85247
6085
86557
7603
26949
36803
80719
27325
71801
2735
67411
66783
52081
15767
6657
13271
21249
43237
62035
70725
83689
19927
64953
81607
84907
38423
95253
83869
22695
50753
91071
29153
92525
52923
86039
85271
5161
71261
4509
7543
31527
48175
34233
51489
43629
95351
51595
54437
80979
9869
59637
5415
30499
9909
7023
66881
55953
12569
13535
44477
36301
65279
26953
80687
51677
51039
40995
37689
38241
71521
74307
397
4063
33459
25907
59577
34791
49765
21417
36195
55129
25619
36141
7025
17939
96849
42503
21333
20327
39253
96965
41421
94673
46965
76697
15869
92425
39249
36027
29221
27783
32229
60395
75067
2625
54525
50819
5863
13207
76599
7139
85255
54591
38325
98769
42303
90607
97073
50763
43689
85245
93981
2395
40251
71917
76725
57601
74035
69327
67213
98275
87137
12619
95011
44671
26813
13445
83221
66665
10491
13361
81227
68127
5457
68097
39463
66225
95373
66127
83875
82681
62271
18045
55475
45237
79585
91101
32943
18379
663
27121
59995
7345
46777
56349
30353
49885
35135
30451
4703
38923
85273
56683
60641
95551
91829
16167
84219
75011
37223
72203
21759
18121
31469
20801
97303
60437
2649
18553
94673
35859
31549
87421
28767
749
86089
88889
79973
31195
25981
35157
95373
8011
5353
43913
12953
9361
8413
6015
71285
83343
24243
5451
68797
81351
85421
68299
35935
26225
40193
75969
44913
95169
39107
49581
18515
22415
35679
34353
26717
88133
63487
1987
97
485
73147
14571
7279
55037
81589
4163
32575
47817
83455
45273
77779
71189
74899
42693
31903
15231
7457
24515
81057
48193
53881
54791
17479
35899
90653
71741
9703
19663
57449
88103
26815
27005
41743
29033
47259
61371
57865
70019
66319
51645
39129
18557
41443
75767
20541
78067
98447
10815
66599
83487
88425
28857
11517
66307
55467
33531
61635
50697
83231
90815
10755
93169
77477
59779
84999
32465
7925
44341
12869
29829
77141
92183
30329
85881
57601
67757
83613
60627
68293
49485
32209
22841
17991
49237
81653
66161
76211
62451
73549
15591
94273
25567
50815
73679
30111
56805
89883
28713
7809
21037
32277
47755
34517
85979
4099
75505
80153
29697
17401
29535
25315
76775
54377
40427
52019
10875
36467
61377
39195
32745
4333
79085
44975
79783
26853
5815
66945
9961
37839
97617
19935
44191
89409
53325
50737
81817
58323
52525
2873
82695
15891
77033
74269
10775
58149
69823
1293
88087
28205
10153
59589
80503
33783
56147
35991
77757
7219
67843
94809
71009
73163
13513
22027
51261
95857
63297
83345
55801
3079
32519
41259
64153
20655
60547
91409
58829
34105
69643
23873
33901
46183
44367
6677
84475
81061
49851
28245
90835
42359
33717
68833
52291
43431
38739
85773
28709
84897
36779
31445
18621
54189
89419
4267
47421
19097
53245
64781
71147
97307
30803
44773
82017
889
85281
77917
73955
5783
83505
59903
84671
71999
87269
14343
14485
21131
11787
57371
73291
64877
14995
2585
85927
18569
71673
26845
97083
72033
56755
11543
98315
44821
64755
13917
26885
75365
7503
88213
79113
82635
91449
85079
24179
11889
80517
64953
92781
26413
59743
51535
50185
93321
52325
35053
71259
76639
82615
66035
81951
14935
65983
90433
32747
32165
56427
30677
5639
54663
86379
40507
38175
25717
22099
50819
34653
58917
8373
22399
95525
16177
91093
53169
56645
42987
53209
46199
45859
8735
58045
27255
12417
88179
85263
17699
28069
69699
45393
19925
23473
70841
19745
82327
50677
47293
69203
6471
83057
85043
4803
85847
82881
87663
26679
56845
96535
75971
83275
93485
98451
3189
25969
98133
33443
94801
6495
44759
23765
65189
65717
30475
46907
82027
73087
40241
76331
88713
72743
73743
8013
84561
35481
93413
93041
49849
14439
25549
13223
46843
36791
89235
98753
19099
3055
76243
25475
70623
45535
72225
52291
38977
24191
37275
76659
95647
25989
22297
56959
36963
62687
55507
48607
60443
10879
21689
42719
87331
61989
77059
83353
37133
25039
65099
5003
59675
12603
39277
91651
25281
71419
66725
47729
5335
33181
80983
74567
64405
31193
86223
5833
85453
94585
82023
2661
90643
27195
44565
41831
83689
34953
73967
87265
79747
33547
39151
74889
31363
20581
90605
4913
91467
49283
20535
96113
54559
74821
67955
67875
61637
17041
41723
73499
72011
75863
85183
14025
28823
93435
90865
6003
43283
40375
40891
21339
60133
78069
91815
19787
90655
72409
49983
20887
57951
91499
52723
48269
73241
86849
19123
66271
35685
34579
85781
8757
29307
50373
43201
68261
57435
59875
51603
46865
16801
22941
87753
26737
81395
88715
28217
86321
41547
91979
89129
91081
7347
57065
30345
95203
66515
28663
75329
48709
83685
78093
68775
22681
30741
32273
48699
74989
41363
27847
45429
81075
481
88367
30417
61489
7667
22895
43001
75117
38847
78463
20141
81637
37429
56421
45855
84327
77649
89885
3925
3993
2617
1381
27695
38583
41203
60701
59513
46791
58943
23227
79535
35735
43279
49699
73245
43405
73487
60327
9607
20585
18703
83835
32929
44193
41161
15539
9661
73013
61129
18939
99597
36875
79513
77235
10633
77847
32181
16215
73223
61243
76841
23141
47419
47327
26227
29181
25243
96319
76473
36151
39401
74625
91485
69787
88439
51967
51679
21417
13881
5903
93043
1643
81029
76433
25039
69413
34399
52413
26999
65797
79183
5843
14165
53845
3523
4675
9031
11387
18117
33521
18151
91715
4473
95101
82721
15175
5485
12819
44779
15839
71991
65851
54023
35299
81913
17087
80041
91457
57223
43877
80665
23207
37601
91299
43013
51123
89003
35685
61565
94343
84597
27395
61975
46077
84151
27719
35463
13881
60623
67599
63419
10617
12163
61101
48243
37635
6999
67915
949
55491
41565
8995
58067
95671
86079
22113
19399
763
19993
8065
45173
75569
25021
50177
66517
25973
22507
95731
63113
89817
76089
28567
88991
10603
44111
5135
90035
37251
41455
84495
41119
8089
83457
60517
18573
81569
29771
99771
78159
17049
46727
54087
69505
18091
73315
7835
66347
57477
42517
85351
38273
32997
83829
75703
17571
4431
75371
78551
33731
26755
33967
38281
61909
7391
21655
66927
35487
51381
63141
65133
20817
75681
73199
2095
35907
13565
94419
98019
9259
26515
79801
81621
6791
92111
93337
52145
15403
77635
2979
28613
42071
22799
40753
25563
34395
29093
40975
73539
61899
5209
21023
32217
62827
23303
38357
59391
21943
20759
85507
69031
35043
34215
70785
86775
18253
47975
48241
2713
99109
54487
16799
38795
65317
80235
42509
52433
80407
44363
37919
45759
59795
22985
4209
4417
52001
41211
73805
66571
60357
51605
4079
18859
75259
19061
51127
56171
15155
72087
13753
39409
72345
12069
59485
79667
38401
79787
57497
52717
82811
77627
40945
74625
66619
53819
83517
40275
57087
49489
25923
83223
3059
33285
88873
21717
42513
38635
68447
36611
64677
71621
71419
30493
30599
63191
25923
12841
62305
32789
11857
66715
30023
9581
78945
14453
59255
85203
43763
15749
40335
70871
6673
69233
53015
94733
90317
50907
98195
23255
28911
37533
42195
47281
41439
39633
22841
88873
13031
99587
5209
74961
38101
62809
86289
44343
73207
23855
98671
28569
6913
